[gd_scene load_steps=5 format=2]

[ext_resource path="res://World.tscn" type="PackedScene" id=1]
[ext_resource path="res://ImageCapture.gd" type="Script" id=2]
[ext_resource path="res://GameTCPServer.gd" type="Script" id=3]
[ext_resource path="res://DataRecorder.gd" type="Script" id=4]

[node name="Main" type="Node"]

[node name="Control" type="Control" parent="."]
margin_right = 40.0
margin_bottom = 40.0

[node name="Front" type="ViewportContainer" parent="Control"]
anchor_bottom = 1.0
margin_left = 360.0
margin_right = 720.0
margin_bottom = 240.0

[node name="Front" type="Viewport" parent="Control/Front"]
size = Vector2( 360, 240 )
handle_input_locally = false
render_target_update_mode = 3
shadow_atlas_size = 256

[node name="FrontCamera" type="Camera" parent="Control/Front/Front"]
transform = Transform( 1.31134e-07, 0.173648, -0.984807, 0, 0.984808, 0.173648, 1, -2.27712e-08, 1.29142e-07, -15.683, 1.90702, 0.0988422 )
fov = 60.0
near = 0.01

[node name="FrontLeft" type="ViewportContainer" parent="Control"]
margin_top = 240.0
margin_right = 360.0
margin_bottom = 480.0

[node name="FrontLeft" type="Viewport" parent="Control/FrontLeft"]
size = Vector2( 360, 240 )
handle_input_locally = false
render_target_update_mode = 3
shadow_atlas_size = 256

[node name="FrontLeftCamera" type="Camera" parent="Control/FrontLeft/FrontLeft"]
transform = Transform( -4.37114e-08, 0, 1, 0, 1, 0, -0.999999, 0, -4.37114e-08, -16.252, 1.18336, -0.856158 )
fov = 60.0
near = 0.01

[node name="FrontRight" type="ViewportContainer" parent="Control"]
margin_left = 720.0
margin_top = 240.0
margin_right = 1080.0
margin_bottom = 480.0

[node name="FrontRight" type="Viewport" parent="Control/FrontRight"]
size = Vector2( 360, 240 )
handle_input_locally = false
render_target_update_mode = 3
shadow_atlas_size = 256

[node name="FrontRightCamera" type="Camera" parent="Control/FrontRight/FrontRight"]
transform = Transform( -4.37114e-08, 0, 1, 0, 1, 0, -1, 0, -4.37114e-08, -16.2521, 1.18336, 1.07024 )
fov = 60.0
near = 0.01

[node name="Back" type="ViewportContainer" parent="Control"]
margin_left = 360.0
margin_top = 240.0
margin_right = 720.0
margin_bottom = 480.0

[node name="Back" type="Viewport" parent="Control/Back"]
size = Vector2( 360, 240 )
handle_input_locally = false
render_target_update_mode = 3
shadow_atlas_size = 256

[node name="BackCamera" type="Camera" parent="Control/Back/Back"]
transform = Transform( -4.37114e-08, -0.173648, 0.984807, 0, 0.984808, 0.173648, -1, 7.5904e-09, -4.30473e-08, -18.499, 1.90679, 0.0988424 )
fov = 60.0
near = 0.01

[node name="BackRight" type="ViewportContainer" parent="Control"]
margin_left = 720.0
margin_right = 1080.0
margin_bottom = 240.0

[node name="BackRight" type="Viewport" parent="Control/BackRight"]
size = Vector2( 360, 240 )
handle_input_locally = false
render_target_update_mode = 3
shadow_atlas_size = 256

[node name="BackRightCamera" type="Camera" parent="Control/BackRight/BackRight"]
transform = Transform( 1.31134e-07, 0, -1, 0, 1, 0, 1, 0, 1.31134e-07, -17.8163, 1.18336, 1.05384 )
fov = 60.0
near = 0.01

[node name="BackLeft" type="ViewportContainer" parent="Control"]
margin_right = 360.0
margin_bottom = 240.0

[node name="BackLeft" type="Viewport" parent="Control/BackLeft"]
size = Vector2( 360, 240 )
handle_input_locally = false
render_target_update_mode = 3
shadow_atlas_size = 256

[node name="BackLeftCamera" type="Camera" parent="Control/BackLeft/BackLeft"]
transform = Transform( 1.31134e-07, 0, -1, 0, 1, 0, 1, 0, 1.31134e-07, -17.8168, 1.18336, -0.856158 )
fov = 60.0
near = 0.01

[node name="Right" type="ViewportContainer" parent="Control"]
margin_left = 1080.0
margin_right = 1440.0
margin_bottom = 240.0

[node name="Right" type="Viewport" parent="Control/Right"]
size = Vector2( 360, 240 )
handle_input_locally = false
render_target_update_mode = 3
shadow_atlas_size = 256

[node name="RightCamera" type="Camera" parent="Control/Right/Right"]
transform = Transform( -1, 1.51808e-08, -8.60946e-08, 0, 0.984808, 0.173648, 8.74228e-08, 0.173648, -0.984807, -17.006, 1.75479, 0.961842 )
fov = 60.0
near = 0.01

[node name="Left" type="ViewportContainer" parent="Control"]
margin_left = 1080.0
margin_top = 240.0
margin_right = 1440.0
margin_bottom = 480.0

[node name="Left" type="Viewport" parent="Control/Left"]
size = Vector2( 360, 240 )
handle_input_locally = false
render_target_update_mode = 3
shadow_atlas_size = 256

[node name="LeftCamera" type="Camera" parent="Control/Left/Left"]
transform = Transform( 1, 1.33227e-14, -7.10543e-15, 0, 0.984808, 0.173648, 0, -0.173648, 0.984807, -17.0062, 1.75483, -0.764277 )
fov = 60.0
near = 0.01

[node name="World" parent="." instance=ExtResource( 1 )]

[node name="Player" parent="World" index="1"]
camera_storage_path = NodePath("../../Control")

[node name="GameTCPServer" type="Node" parent="."]
script = ExtResource( 3 )
agent_path = NodePath("../World/Player")

[node name="ImageCapture" type="Node" parent="GameTCPServer"]
script = ExtResource( 2 )
viewport_storage_path = NodePath("../../Control")

[node name="DataRecorder" type="Node" parent="GameTCPServer"]
script = ExtResource( 4 )

[connection signal="physics_processed" from="World/Player" to="GameTCPServer/DataRecorder" method="_on_Player_physics_processed"]

[editable path="World"]
[editable path="World/StaticBody/parking"]
[editable path="World/Player"]
[editable path="World/Player/car"]
