[gd_scene load_steps=4 format=2]

[ext_resource path="res://World.tscn" type="PackedScene" id=1]
[ext_resource path="res://ImageCapture.gd" type="Script" id=2]
[ext_resource path="res://GameTCPServer.gd" type="Script" id=3]

[node name="Main" type="Node"]

[node name="World" parent="." instance=ExtResource( 1 )]

[node name="Front" parent="World/Player" index="7"]
remote_path = NodePath("../../../Control/Front/Viewport/Front")

[node name="FrontLeft" parent="World/Player" index="8"]
remote_path = NodePath("../../../Control/FrontLeft/Viewport/FrontLeft")

[node name="FrontRight" parent="World/Player" index="9"]
remote_path = NodePath("../../../Control/FrontRight/Viewport/FrontRight")

[node name="Back" parent="World/Player" index="10"]
remote_path = NodePath("../../../Control/Back/Viewport/Back")

[node name="BackRight" parent="World/Player" index="11"]
remote_path = NodePath("../../../Control/BackRight/Viewport/BackRight")

[node name="BackLeft" parent="World/Player" index="12"]
remote_path = NodePath("../../../Control/BackLeft/Viewport/BackLeft")

[node name="Right" parent="World/Player" index="13"]
remote_path = NodePath("../../../Control/Right/Viewport/Right")

[node name="Left" parent="World/Player" index="14"]
remote_path = NodePath("../../../Control/Left/Viewport/Left")

[node name="GameTCPServer" type="Node" parent="."]
script = ExtResource( 3 )

[node name="ImageCapture" type="Node" parent="GameTCPServer"]
script = ExtResource( 2 )

[node name="Control" type="Control" parent="."]
margin_right = 40.0
margin_bottom = 40.0

[node name="Front" type="ViewportContainer" parent="Control"]
margin_left = 360.0
margin_right = 720.0
margin_bottom = 240.0

[node name="Viewport" type="Viewport" parent="Control/Front"]
size = Vector2( 360, 240 )
handle_input_locally = false
render_target_update_mode = 3
shadow_atlas_size = 256

[node name="Front" type="Camera" parent="Control/Front/Viewport"]
transform = Transform( 1.31134e-07, 0.173648, -0.984807, 0, 0.984808, 0.173648, 1, -2.27712e-08, 1.29142e-07, -15.683, 1.90702, 0.0988422 )
fov = 60.0
near = 0.01

[node name="FrontLeft" type="ViewportContainer" parent="Control"]
margin_top = 240.0
margin_right = 360.0
margin_bottom = 480.0

[node name="Viewport" type="Viewport" parent="Control/FrontLeft"]
size = Vector2( 360, 240 )
handle_input_locally = false
render_target_update_mode = 3
shadow_atlas_size = 256

[node name="FrontLeft" type="Camera" parent="Control/FrontLeft/Viewport"]
transform = Transform( -4.37114e-08, 0, 1, 0, 1, 0, -0.999999, 0, -4.37114e-08, -16.252, 1.18336, -0.856158 )
fov = 60.0
near = 0.01

[node name="FrontRight" type="ViewportContainer" parent="Control"]
margin_left = 720.0
margin_top = 240.0
margin_right = 1080.0
margin_bottom = 480.0

[node name="Viewport" type="Viewport" parent="Control/FrontRight"]
size = Vector2( 360, 240 )
handle_input_locally = false
render_target_update_mode = 3
shadow_atlas_size = 256

[node name="FrontRight" type="Camera" parent="Control/FrontRight/Viewport"]
transform = Transform( -4.37114e-08, 0, 1, 0, 1, 0, -1, 0, -4.37114e-08, -16.2521, 1.18336, 1.07024 )
fov = 60.0
near = 0.01

[node name="Back" type="ViewportContainer" parent="Control"]
margin_left = 360.0
margin_top = 240.0
margin_right = 720.0
margin_bottom = 480.0

[node name="Viewport" type="Viewport" parent="Control/Back"]
size = Vector2( 360, 240 )
handle_input_locally = false
render_target_update_mode = 3
shadow_atlas_size = 256

[node name="Back" type="Camera" parent="Control/Back/Viewport"]
transform = Transform( -4.37114e-08, -0.173648, 0.984807, 0, 0.984808, 0.173648, -1, 7.5904e-09, -4.30473e-08, -18.499, 1.90679, 0.0988424 )
fov = 60.0
near = 0.01

[node name="BackRight" type="ViewportContainer" parent="Control"]
margin_left = 720.0
margin_right = 1080.0
margin_bottom = 240.0

[node name="Viewport" type="Viewport" parent="Control/BackRight"]
size = Vector2( 360, 240 )
handle_input_locally = false
render_target_update_mode = 3
shadow_atlas_size = 256

[node name="BackRight" type="Camera" parent="Control/BackRight/Viewport"]
transform = Transform( 1.31134e-07, 0, -1, 0, 1, 0, 1, 0, 1.31134e-07, -17.8163, 1.18336, 1.05384 )
fov = 60.0
near = 0.01

[node name="BackLeft" type="ViewportContainer" parent="Control"]
margin_right = 360.0
margin_bottom = 240.0

[node name="Viewport" type="Viewport" parent="Control/BackLeft"]
size = Vector2( 360, 240 )
handle_input_locally = false
render_target_update_mode = 3
shadow_atlas_size = 256

[node name="BackLeft" type="Camera" parent="Control/BackLeft/Viewport"]
transform = Transform( 1.31134e-07, 0, -1, 0, 1, 0, 1, 0, 1.31134e-07, -17.8168, 1.18336, -0.856158 )
fov = 60.0
near = 0.01

[node name="Right" type="ViewportContainer" parent="Control"]
margin_left = 1080.0
margin_right = 1440.0
margin_bottom = 240.0

[node name="Viewport" type="Viewport" parent="Control/Right"]
size = Vector2( 360, 240 )
handle_input_locally = false
render_target_update_mode = 3
shadow_atlas_size = 256

[node name="Right" type="Camera" parent="Control/Right/Viewport"]
transform = Transform( -1, 1.51808e-08, -8.60946e-08, 0, 0.984808, 0.173648, 8.74228e-08, 0.173648, -0.984807, -17.006, 1.75479, 0.961842 )
fov = 60.0
near = 0.01

[node name="Left" type="ViewportContainer" parent="Control"]
margin_left = 1080.0
margin_top = 240.0
margin_right = 1440.0
margin_bottom = 480.0

[node name="Viewport" type="Viewport" parent="Control/Left"]
size = Vector2( 360, 240 )
handle_input_locally = false
render_target_update_mode = 3
shadow_atlas_size = 256

[node name="Left" type="Camera" parent="Control/Left/Viewport"]
transform = Transform( 1, -1.77636e-15, 1.06581e-14, 0, 0.984808, 0.173648, -1.06581e-14, -0.173648, 0.984807, -17.0062, 1.75483, -0.764277 )
fov = 60.0
near = 0.01

[editable path="World"]
[editable path="World/StaticBody/parking"]
[editable path="World/Player"]
