[gd_scene load_steps=5 format=2]

[ext_resource path="res://Player.tscn" type="PackedScene" id=1]
[ext_resource path="res://__GameTCPServer.gd" type="Script" id=3]

[sub_resource type="BoxShape" id=1]
extents = Vector3( 30, 1, 30 )

[sub_resource type="CubeMesh" id=2]
size = Vector3( 60, 2, 60 )

[node name="Main" type="Node"]

[node name="Player" parent="." instance=ExtResource( 1 )]
transform = Transform( 1, 0, 0, 0, 1, 0, 0, 0, 1, 0, 2, 0 )

[node name="Ground" type="StaticBody" parent="."]

[node name="CollisionShape" type="CollisionShape" parent="Ground"]
shape = SubResource( 1 )

[node name="MeshInstance" type="MeshInstance" parent="Ground"]
mesh = SubResource( 2 )
skeleton = NodePath("../..")

[node name="DirectionalLight" type="DirectionalLight" parent="."]
transform = Transform( 0.452793, 3.89738e-08, -0.891616, 0.891616, -1.97922e-08, 0.452793, 0, -1, -4.37114e-08, 0, 26.229, 0 )
shadow_enabled = true

[node name="GameClient" type="Node" parent="."]
script = ExtResource( 3 )

[node name="CameraPivot" type="Spatial" parent="."]
transform = Transform( 1, 0, 0, 0, 0.954932, 0.296825, 0, -0.296825, 0.954932, 0, 0, 0 )

[node name="Cameras" type="Spatial" parent="CameraPivot"]
transform = Transform( 1, 0, 0, 0, 1, 0, 0, 0, 1, 0, 0, 7.5102 )

[node name="RemoteTransformRight" type="RemoteTransform" parent="CameraPivot/Cameras"]
remote_path = NodePath("../ViewportRight/CameraRight")

[node name="RemoteTransformLeft" type="RemoteTransform" parent="CameraPivot/Cameras"]
remote_path = NodePath("../ViewportLeft/CameraLeft")

[node name="ViewportLeft" type="Viewport" parent="CameraPivot/Cameras"]
size = Vector2( 640, 360 )
render_target_v_flip = true
render_target_update_mode = 3

[node name="CameraLeft" type="Camera" parent="CameraPivot/Cameras/ViewportLeft"]
transform = Transform( 1, 0, 0, 0, 0.954932, 0.296825, 0, -0.296825, 0.954932, 0, 2.22922, 7.17173 )
h_offset = -1.0

[node name="ViewportRight" type="Viewport" parent="CameraPivot/Cameras"]
size = Vector2( 640, 360 )
render_target_v_flip = true
render_target_update_mode = 3

[node name="CameraRight" type="Camera" parent="CameraPivot/Cameras/ViewportRight"]
transform = Transform( 1, 0, 0, 0, 0.954932, 0.296825, 0, -0.296825, 0.954932, 0, 2.22922, 7.17173 )
h_offset = 1.0

[node name="CameraViews" type="TextureRect" parent="CameraPivot/Cameras"]
margin_right = 40.0
margin_bottom = 40.0
