[gd_scene load_steps=5 format=2]

[ext_resource path="res://Player.gd" type="Script" id=1]
[ext_resource path="res://Car/wheel.glb" type="PackedScene" id=2]
[ext_resource path="res://Car/car.glb" type="PackedScene" id=3]

[sub_resource type="BoxShape" id=1]

[node name="Player" type="VehicleBody"]
contact_monitor = true
script = ExtResource( 1 )

[node name="CollisionShape" type="CollisionShape" parent="."]
transform = Transform( 0.814, 0, 0, 0, 0.58, 0, 0, 0, 2.033, 0, 0.656804, 0 )
shape = SubResource( 1 )

[node name="car" parent="." instance=ExtResource( 3 )]
transform = Transform( 0.5, 0, 0, 0, 0.5, 0, 0, 0, 0.5, 0, 0.531053, 0.016 )

[node name="front_left_wheel" type="VehicleWheel" parent="."]
transform = Transform( 1, 0, 0, 0, 1, 0, 0, 0, 1, 0.683452, 0.12294, 1.4549 )
use_as_steering = true
wheel_radius = 0.31
suspension_stiffness = 50.0
damping_compression = 1.9
damping_relaxation = 2.0

[node name="wheel" parent="front_left_wheel" instance=ExtResource( 2 )]
transform = Transform( -2.18557e-08, 0.5, 0, -0.5, -2.18557e-08, 0, 0, 0, 0.5, 0, 0, 0 )

[node name="front_right_wheel" type="VehicleWheel" parent="."]
transform = Transform( 1, 0, 0, 0, 1, 0, 0, 0, 1, -0.683, 0.123, 1.455 )
use_as_steering = true
wheel_radius = 0.31
suspension_stiffness = 50.0
damping_compression = 1.9
damping_relaxation = 2.0

[node name="wheel" parent="front_right_wheel" instance=ExtResource( 2 )]
transform = Transform( -2.18557e-08, -0.5, 0, 0.5, -2.18557e-08, 0, 0, 0, 0.5, 0, 0, 0 )

[node name="back_left_wheel" type="VehicleWheel" parent="."]
transform = Transform( 1, 0, 0, 0, 1, 0, 0, 0, 1, 0.683, 0.123, -1.00964 )
use_as_traction = true
wheel_radius = 0.31
suspension_stiffness = 50.0
damping_compression = 1.9
damping_relaxation = 2.0

[node name="wheel" parent="back_left_wheel" instance=ExtResource( 2 )]
transform = Transform( -2.18557e-08, 0.5, 0, -0.5, -2.18557e-08, 0, 0, 0, 0.5, 0, 0, 0 )

[node name="back_right_wheel" type="VehicleWheel" parent="."]
transform = Transform( 1, 0, 0, 0, 1, 0, 0, 0, 1, -0.683, 0.123, -1.00964 )
use_as_traction = true
wheel_radius = 0.31
suspension_stiffness = 50.0
damping_compression = 1.9
damping_relaxation = 2.0

[node name="wheel" parent="back_right_wheel" instance=ExtResource( 2 )]
transform = Transform( -2.18557e-08, -0.5, 0, 0.5, -2.18557e-08, 0, 0, 0, 0.5, 0, 0, 0 )

[node name="DistanceSensors" type="Spatial" parent="."]

[node name="Front" type="RayCast" parent="DistanceSensors"]
transform = Transform( 1, 0, 0, 0, -4.37114e-08, 1, 0, -1, -4.37114e-08, 0, 0.0165759, 2.07521 )
enabled = true

[node name="FrontLeft" type="RayCast" parent="DistanceSensors"]
transform = Transform( 0.707107, -0.707107, -3.09086e-08, 0, -4.37114e-08, 1, -0.707107, -0.707107, -3.09086e-08, 0.814066, 0.0165759, 2.07521 )
enabled = true

[node name="FrontRight" type="RayCast" parent="DistanceSensors"]
transform = Transform( 0.707107, 0.707107, 3.09086e-08, 0, -4.37114e-08, 1, 0.707107, -0.707107, -3.09086e-08, -0.814, 0.017, 2.075 )
enabled = true

[node name="Rear" type="RayCast" parent="DistanceSensors"]
transform = Transform( -1, 8.74228e-08, 3.82137e-15, 0, -4.37114e-08, 1, 8.74228e-08, 1, 4.37114e-08, -0.004444, 0.0165759, -2.07577 )
enabled = true

[node name="RearRight" type="RayCast" parent="DistanceSensors"]
transform = Transform( -0.707107, 0.707107, 3.09086e-08, 0, -4.37114e-08, 1, 0.707107, 0.707107, 3.09086e-08, -0.81851, 0.0165759, -2.07577 )
enabled = true

[node name="RearLeft" type="RayCast" parent="DistanceSensors"]
transform = Transform( -0.707107, -0.707107, -3.09086e-08, 0, -4.37114e-08, 1, -0.707107, 0.707107, 3.09086e-08, 0.809556, 0.017, -2.07556 )
enabled = true

[node name="CameraPlaceholders" type="Spatial" parent="."]

[node name="Front" type="RemoteTransform" parent="CameraPlaceholders"]
transform = Transform( -1, -7.6194e-09, 8.709e-08, 0, 0.996195, 0.0871557, -8.74228e-08, 0.0871558, -0.996194, 0, 1.07738, 0.649342 )

[node name="FrontLeft" type="RemoteTransform" parent="CameraPlaceholders"]
transform = Transform( 0.999999, 0, 0, 0, 1, 0, 0, 0, 1, 0.955, 0.523012, 1.43882 )

[node name="FrontRight" type="RemoteTransform" parent="CameraPlaceholders"]
transform = Transform( 1, 0, 0, 0, 1, 0, 0, 0, 1, -0.971, 0.523, 1.439 )

[node name="Back" type="RemoteTransform" parent="CameraPlaceholders"]
transform = Transform( 1, 0, 0, 0, 0.996195, 0.0871557, 0, -0.0871558, 0.996194, 0, 1.07958, -0.902858 )

[node name="BackRight" type="RemoteTransform" parent="CameraPlaceholders"]
transform = Transform( -1, 0, -8.74227e-08, 0, 1, 0, 8.74228e-08, 0, -1, -0.955, 0.523, -1.00548 )

[node name="BackLeft" type="RemoteTransform" parent="CameraPlaceholders"]
transform = Transform( -1, 0, -8.74227e-08, 0, 1, 0, 8.74228e-08, 0, -1, 0.955, 0.523, -1.00648 )

[node name="Left" type="RemoteTransform" parent="CameraPlaceholders"]
transform = Transform( -4.37114e-08, 0.0871558, -0.996194, 0, 0.996195, 0.0871557, 1, 3.8097e-09, -4.3545e-08, 0.677, 1.045, 0.214 )

[node name="Right" type="RemoteTransform" parent="CameraPlaceholders"]
transform = Transform( -4.37114e-08, -0.0871558, 0.996194, 0, 0.996195, 0.0871557, -1, 3.8097e-09, -4.3545e-08, -0.677437, 1.045, 0.214 )

[connection signal="body_entered" from="." to="." method="_on_Player_body_entered"]

[editable path="car"]
