[gd_scene load_steps=8 format=2]

[ext_resource path="res://Player.gd" type="Script" id=1]

[sub_resource type="CubeMesh" id=7]
size = Vector3( 1.62, 0.7, 2.49 )

[sub_resource type="SpatialMaterial" id=6]
albedo_color = Color( 0.929412, 0.121569, 0.121569, 1 )

[sub_resource type="CubeMesh" id=1]
size = Vector3( 1.62, 0.73, 4.13 )

[sub_resource type="ConvexPolygonShape" id=5]
points = PoolVector3Array( 0.81, 0.715, 2.065, 0.81, -0.715, 2.065, 0.81, 0.715, -2.065, -0.81, 0.715, 2.065, -0.81, -0.715, 2.065, 0.81, -0.715, -2.065, -0.81, 0.715, -2.065, -0.81, -0.715, -2.065 )

[sub_resource type="SpatialMaterial" id=3]
albedo_color = Color( 0, 0, 0, 1 )

[sub_resource type="CylinderMesh" id=4]
material = SubResource( 3 )
top_radius = 0.4
bottom_radius = 0.4
height = 0.25
radial_segments = 12

[node name="Player" type="VehicleBody"]
script = ExtResource( 1 )

[node name="CarBody2" type="MeshInstance" parent="."]
transform = Transform( 1, 0, 0, 0, 1, 0, 0, 0, 1, 0, 0.882379, 0.115109 )
mesh = SubResource( 7 )
skeleton = NodePath("")
material/0 = SubResource( 6 )

[node name="CarBody" type="MeshInstance" parent="."]
transform = Transform( 1, 0, 0, 0, 1, 0, 0, 0, 1, 0, 0.169862, 0 )
mesh = SubResource( 1 )
skeleton = NodePath("")
material/0 = SubResource( 6 )

[node name="CollisionShape" type="CollisionShape" parent="."]
transform = Transform( 1, 0, 0, 0, 1, 0, 0, 0, 1, 0, 0.526151, 0 )
shape = SubResource( 5 )

[node name="front_left_wheel" type="VehicleWheel" parent="."]
transform = Transform( 1, 0, 0, 0, 1, 0, 0, 0, 1, 1, 0, 1.4549 )
use_as_steering = true
wheel_radius = 0.4
suspension_stiffness = 50.0
damping_compression = 1.9
damping_relaxation = 2.0

[node name="MeshInstance" type="MeshInstance" parent="front_left_wheel"]
transform = Transform( -4.37114e-08, -1, 0, 1, -4.37114e-08, 0, 0, 0, 1, 0, 0, 0 )
mesh = SubResource( 4 )

[node name="front_right_wheel" type="VehicleWheel" parent="."]
transform = Transform( 1, 0, 0, 0, 1, 0, 0, 0, 1, -1, 0, 1.4549 )
use_as_steering = true
wheel_radius = 0.4
suspension_stiffness = 50.0
damping_compression = 1.9
damping_relaxation = 2.0

[node name="MeshInstance" type="MeshInstance" parent="front_right_wheel"]
transform = Transform( -4.37114e-08, -1, 0, 1, -4.37114e-08, 0, 0, 0, 1, 0, 0, 0 )
mesh = SubResource( 4 )

[node name="back_left_wheel" type="VehicleWheel" parent="."]
transform = Transform( 1, 0, 0, 0, 1, 0, 0, 0, 1, 1, 0, -0.932884 )
use_as_traction = true
wheel_radius = 0.4
suspension_stiffness = 50.0
damping_compression = 1.9
damping_relaxation = 2.0

[node name="MeshInstance" type="MeshInstance" parent="back_left_wheel"]
transform = Transform( -4.37114e-08, -1, 0, 1, -4.37114e-08, 0, 0, 0, 1, 0, 0, 0 )
mesh = SubResource( 4 )

[node name="back_right_wheel" type="VehicleWheel" parent="."]
transform = Transform( 1, 0, 0, 0, 1, 0, 0, 0, 1, -1, 0, -0.932884 )
use_as_traction = true
wheel_radius = 0.4
suspension_stiffness = 50.0
damping_compression = 1.9
damping_relaxation = 2.0

[node name="MeshInstance" type="MeshInstance" parent="back_right_wheel"]
transform = Transform( -4.37114e-08, -1, 0, 1, -4.37114e-08, 0, 0, 0, 1, 0, 0, 0 )
mesh = SubResource( 4 )

[node name="Front" type="RemoteTransform" parent="."]
transform = Transform( -1, 1.51808e-08, -8.60946e-08, 0, 0.984808, 0.173648, 8.74227e-08, 0.173648, -0.984807, 0, 1.19723, 1.537 )

[node name="FrontLeft" type="RemoteTransform" parent="."]
transform = Transform( 0.999999, 0, 0, 0, 1, 0, 0, 0, 1, 0.955, 0.473565, 0.968 )

[node name="FrontRight" type="RemoteTransform" parent="."]
transform = Transform( 1, 0, 0, 0, 1, 0, 0, 0, 1, -0.971398, 0.473565, 0.967937 )

[node name="Back" type="RemoteTransform" parent="."]
transform = Transform( 1, 0, 0, 0, 0.984808, 0.173648, 0, -0.173648, 0.984807, 0, 1.197, -1.279 )

[node name="BackRight" type="RemoteTransform" parent="."]
transform = Transform( -1, 0, -8.74227e-08, 0, 1, 0, 8.74228e-08, 0, -1, -0.955, 0.473565, -0.596284 )

[node name="BackLeft" type="RemoteTransform" parent="."]
transform = Transform( -1, 0, -8.74227e-08, 0, 1, 0, 8.74228e-08, 0, -1, 0.955, 0.473565, -0.596761 )

[node name="Right" type="RemoteTransform" parent="."]
transform = Transform( -4.37114e-08, -0.173648, 0.984807, 0, 0.984808, 0.173648, -1, 7.59041e-09, -4.30473e-08, -0.863, 1.045, 0.214 )

[node name="Left" type="RemoteTransform" parent="."]
transform = Transform( -4.37114e-08, 0.173648, -0.984807, 0, 0.984808, 0.173648, 1, 7.59041e-09, -4.30473e-08, 0.863119, 1.04504, 0.213791 )
