[gd_scene load_steps=8 format=2]

[ext_resource path="res://RLAgent/RLCarAgent.gd" type="Script" id=1]
[ext_resource path="res://LIDAR/LIDAR.tscn" type="PackedScene" id=2]
[ext_resource path="res://Car/Car.tscn" type="PackedScene" id=3]
[ext_resource path="res://RGBCamera/RGBCamera.tscn" type="PackedScene" id=4]
[ext_resource path="res://RLAgent/ParkingSensors.gd" type="Script" id=5]
[ext_resource path="res://RLAgent/DataRecorder.gd" type="Script" id=6]
[ext_resource path="res://RLAgent/RGBCameras.gd" type="Script" id=7]

[node name="RLCarAgent" type="Spatial"]
script = ExtResource( 1 )

[node name="Sensors" type="Spatial" parent="."]

[node name="LIDAR" parent="Sensors" instance=ExtResource( 2 )]
transform = Transform( 1, 0, 0, 0, 1, 0, 0, 0, 1, 0, 1.32895, 0.445837 )

[node name="ParkingSensors" type="Spatial" parent="Sensors"]
transform = Transform( 1, 0, 0, 0, 1, 0, 0, 0, 1, 0, 0.139883, 0 )
script = ExtResource( 5 )

[node name="Front" type="RayCast" parent="Sensors/ParkingSensors"]
transform = Transform( 1, 0, 0, 0, 1, 0, 0, 0, 1, 0, 0.0165759, 1.92878 )
enabled = true
cast_to = Vector3( 0, 0, 1 )

[node name="FrontLeft" type="RayCast" parent="Sensors/ParkingSensors"]
transform = Transform( 0.707107, 0, 0.707107, 0, 1, 0, -0.707107, 0, 0.707107, 0.814066, 0.0165759, 1.92878 )
enabled = true
cast_to = Vector3( 0, 0, 1 )

[node name="FrontRight" type="RayCast" parent="Sensors/ParkingSensors"]
transform = Transform( 0.707107, 0, -0.707107, 0, 1, 0, 0.707107, 0, 0.707107, -0.814, 0.017, 1.92857 )
enabled = true
cast_to = Vector3( 0, 0, 1 )

[node name="Rear" type="RayCast" parent="Sensors/ParkingSensors"]
transform = Transform( -1, 0, 8.74228e-08, 0, 1, 0, -8.74228e-08, 0, -1, -0.004444, 0.0165759, -2.03307 )
enabled = true
cast_to = Vector3( 0, 0, 1 )

[node name="RearRight" type="RayCast" parent="Sensors/ParkingSensors"]
transform = Transform( -0.707107, 0, -0.707107, 0, 1, 0, 0.707107, 0, -0.707107, -0.81851, 0.0165759, -2.03307 )
enabled = true
cast_to = Vector3( 0, 0, 1 )

[node name="RearLeft" type="RayCast" parent="Sensors/ParkingSensors"]
transform = Transform( -0.707107, 0, 0.707107, 0, 1, 0, -0.707107, 0, -0.707107, 0.809556, 0.017, -2.03286 )
enabled = true
cast_to = Vector3( 0, 0, 1 )

[node name="RGBCameras" type="Spatial" parent="Sensors"]
script = ExtResource( 7 )

[node name="Front" parent="Sensors/RGBCameras" instance=ExtResource( 4 )]
transform = Transform( -1, 7.6194e-09, -8.70901e-08, 0, 0.996195, 0.0871557, 8.74228e-08, 0.0871557, -0.996195, 0, 1.077, 0.649 )

[node name="FrontLeft" parent="Sensors/RGBCameras" instance=ExtResource( 4 )]
transform = Transform( 1, 0, 0, 0, 1, 0, 0, 0, 1, 0.955, 0.523, 1.439 )

[node name="FrontRight" parent="Sensors/RGBCameras" instance=ExtResource( 4 )]
transform = Transform( 1, 0, 0, 0, 1, 0, 0, 0, 1, -0.971, 0.523, 1.439 )

[node name="Back" parent="Sensors/RGBCameras" instance=ExtResource( 4 )]
transform = Transform( 1, 0, 0, 0, 0.996195, 0.0871557, 0, -0.0871557, 0.996195, 0, 1.08, -0.903 )

[node name="BackRight" parent="Sensors/RGBCameras" instance=ExtResource( 4 )]
transform = Transform( -1, 0, 8.74228e-08, 0, 1, 0, -8.74228e-08, 0, -1, -0.955, 0.523, -1.005 )

[node name="BackLeft" parent="Sensors/RGBCameras" instance=ExtResource( 4 )]
transform = Transform( -1, 0, 8.74228e-08, 0, 1, 0, -8.74228e-08, 0, -1, 0.955, 0.523, -1.006 )

[node name="Left" parent="Sensors/RGBCameras" instance=ExtResource( 4 )]
transform = Transform( -4.37114e-08, 0.0871557, -0.996195, -3.09639e-16, 0.996195, 0.0871557, 1, 3.8097e-09, -4.35451e-08, 0.677, 1.045, 0.214 )

[node name="Right" parent="Sensors/RGBCameras" instance=ExtResource( 4 )]
transform = Transform( -4.37114e-08, -0.0871557, 0.996195, 0, 0.996195, 0.0871557, -1, 3.8097e-09, -4.35451e-08, -0.677, 1.045, 0.214 )

[node name="Car" parent="." instance=ExtResource( 3 )]

[node name="DataRecorder" type="Node" parent="."]
script = ExtResource( 6 )
